137.6 440
188.323 213.407
30
50
32 60 3 0 0 255
96 60 3 0 0 255
160 60 3 0 0 255
224 60 3 0 0 255
288 60 3 0 0 255
352 60 3 0 0 255
416 60 3 0 0 255
480 60 3 0 0 255
544 60 3 0 0 255
608 60 3 0 0 255
32 90 2 255 255 0
96 90 2 255 255 0
160 90 2 255 255 0
224 90 2 255 255 0
288 90 2 255 255 0
352 90 2 255 255 0
416 90 2 255 255 0
480 90 2 255 255 0
544 90 2 255 255 0
608 90 2 255 255 0
32 120 1 255 0 0
96 120 1 255 0 0
160 120 1 255 0 0
224 120 1 255 0 0
288 120 1 255 0 0
352 120 1 255 0 0
416 120 1 255 0 0
480 120 1 255 0 0
544 120 1 255 0 0
608 120 1 255 0 0
32 150 3 0 0 255
96 150 3 0 0 255
160 150 3 0 0 255
224 150 3 0 0 255
288 150 3 0 0 255
352 150 3 0 0 255
416 150 3 0 0 255
480 150 3 0 0 255
544 150 3 0 0 255
608 150 3 0 0 255
32 180 2 255 255 0
96 180 2 255 255 0
160 180 1 255 0 0
224 180 1 255 0 0
288 180 1 255 0 0
352 180 2 255 255 0
416 180 2 255 255 0
480 180 2 255 255 0
544 180 2 255 255 0
608 180 2 255 255 0
