468 440
542.934 219 -2.78333 3.5 8
48
32 75 1 255 0 0
96 75 1 255 0 0
160 75 1 255 0 0
224 75 1 255 0 0
288 75 1 255 0 0
352 75 1 255 0 0
416 75 1 255 0 0
480 75 1 255 0 0
544 75 1 255 0 0
608 75 1 255 0 0
32 105 1 255 255 0
96 105 1 255 255 0
160 105 1 255 255 0
224 105 1 255 255 0
288 105 1 255 255 0
352 105 1 255 255 0
416 105 1 255 255 0
480 105 1 255 255 0
544 105 1 255 255 0
608 105 1 255 255 0
32 135 1 0 255 0
96 135 1 0 255 0
160 135 1 0 255 0
224 135 1 0 255 0
288 135 1 0 255 0
352 135 1 0 255 0
416 135 1 0 255 0
480 135 1 0 255 0
544 135 1 0 255 0
608 135 1 0 255 0
32 165 1 0 0 255
96 165 1 0 0 255
160 165 1 0 0 255
224 165 1 0 0 255
288 165 1 0 0 255
352 165 1 0 0 255
416 165 1 0 0 255
480 165 1 0 0 255
544 165 1 0 0 255
608 165 1 0 0 255
32 195 1 255 0 0
96 195 1 255 0 0
160 195 1 255 0 0
224 195 1 255 0 0
288 195 1 255 0 0
416 195 1 255 0 0
480 195 1 255 0 0
608 195 1 255 0 0
